4036460609297813
5526980878226486
5362323572173570
4244673235183037
5857784031260260
5873075828257209
4622705690705193
4036465843269999
4690113594579458
4730554325652829
5152793680150948
4732588572819895
4036463252763255
5039570451144931
4690118221391060
5759097892623826
5759092117378181
4730559129502468
5056208770704766
4036464499849147
5911724997211489
5759095078005073
5526987707707172
5061357654051191
4730552902940989
4375932505989247
5408783908711607
4661064014669962
4793465837725538
5873072244545788
4559625227440907
5018355774869553
4036461374050320
4375938241625193
4430104428995437
4559625969994368
5953732735757167
5738116422724783
5873544887067320
5462912844460721
4732582220685329
5061353721236741
4430106561600203
4036464465632089
4730556525096715
4091815370181854
4559620955576196
5857781194194864
4690114011792351
4134495480553042
5061353472946225
5753086047694994
5917701429116506
5688206035421982
5647340671335758
4036468943542026
4184447114401352
4690117715499892
4244675759695122
5018356095830449
5857783468274166
5738110858005130
5873075900759668
4117210015102665
4091819175327696
4690111880561156
4661066289994827
5759099593614245
4955558605969470
5807613693986139
5039575820518673
5039578351679518
4134498100152138
4374378094777463
4793464607786069
4732581049516707
4374371484713321
5911726092872321
5025100874487711
5039575171103752
4730555567823374
5516833139658967
5917708089345994
5039572880543428
4559622043843703
4690116515054964
4730551919431404
5408780394761138
5061355982256243
4036463055857494
4640068075454236
5647342140240288
4445615502483456
5039578068965747
4622702554969296
4730558785108701
5742155676814050
5011149782995469
5738110659160654
4430108811768640
5039579945076005
5025101243549280
5039570996230054
5362327576781627
5025104157123589
4134495994271784
5204703324546250
5526989550109621
4661062896828110
5039575121224989
4732584006817712
4559628654948202
4793466562149852
5152794879337759
4730550781885119
5977558177407702
5873545857995655
4730550833922001
4793462003115743
5039570661362117
4036462435627296
4251937849964292
4430108445797353
4117213938500643
5892693225194762
4690118960650908
4184447649998112
5408786626699939
4559624635831575
5408785307063001
4730550111328053
5383237184693582
4690116291579200
5873548841956817
5751721026094335
4036463057252579
4730553594321454
4430101077901690
4374373536609101
5730167845118408
5362324641614891
4730554548749816
4559622264239193
5039571419249911
4311207960918024
4375930501286972
4690118864929325
4730558054064064
4091812471049676
5751728352893487
5873545018013786
5917707597050971
4918041057523067
5362322040467317
5011148199394373
5892690666632508
5025108148355622
5152791290031607
5738114603056703
5526985666690413
5462913505364525
5362320485727666
4640066359659561
4091813020344139
4732587786800899
4251937270099188
5526981114529865
5039576747388794
5408780286758507
5953735143759519
5516838387950263
4244676425004939
5977550105690640
4730552906343958
5056202685164224
4730553343006323
4251930019359138
5751725982349708
5039571212235216
4091818364909959
4251934375883012
4374372205621694
4955551679432996
4730556245422092
5056207625039303
4266241496899494
5061358761415600
5759095268997162
5408784945455455
5917701364597207
5751725725495222
5362327297203174
5025104061490942
4184446132676813
4430108999254322
4430109042992405
5738113516627113
5061355582652361
5929434724112303
5526985913057721
4244671499682215
4690113733379323
4244677178830785
4559626577680407
5892694550932222
5039579780626237
4117215383262132
5873070500441668
5647348464543918
4430109369970299
4430103528372117
4430102780386492
5688209165587903
4690111614900712
4690117857713415
5977556679612415
4091811516249275
5719280203636385
4559626908045726
4730557136749155
4184443989748787
4244674440384527
5025106889483157
5039579613714341
4244671257447058
4445613114606044
5873541276150071
5526988444242986
5977550713650754
5292143789737164
4690110712079171
5526989132068535
4661062339495691
5061353360683039
4036468079729793
4430107556443534
4036467996512605
5857782766052738
4730558309695670
4730556250635950
4730558356495792
4430105370189234
4091817091863794
4640061655445575
4690111725383816
4730554266353924
4251938586725193
5039573919540690
5408789100192397
5873543309263384
5039577433947836
4699525535820983
5526981231882395
5625628909606024
4730558571535281
5882531494746007
5882539554678416
5911723907632057
5719286442453920
4251938355622746
5408782807414560
5911722649770977
4559623790759654
5039572548059031
4374379065672915
5039579166293719
4375933123612484
4548221062308609
4134496605963660
5061354579083185
4730551888980613
4036464662354032
4730554227018202
5011148459232297
5039577005677043
4690112243615168
5408780305062287
4134493304794793
4730557854604731
5738118663305819
4690113811027984
4730553291939673
4955552463643756
4374371452598324
4251936199581276
5917701269453183
5759091343195518
4730557693246470
4793462996660994
5738115079746263
4036460347753556
5025106857014570
4091812263024341
5688203423955069
4036464529021766
4184449812414927
4244671886432265
5039572036640896
5039572052367259
4730554469933621
5039579380293834
5857788637382048
5462911341606513
5882538094211233
4036467456549154
4730553287562471
5039575711792346
4036462479642276
4091810706955303
5742151247827333
5362324827639340
4430108053991512
4430109405734022
4251930036841308
5039571072635976
5025102722130642
4091813458497011
4036465541761248
4036463355772153
4547159975180726
4430108406509789
5917702659682688
5292141213562539
5408785626431251
4793465394431520
4374370678049245
4244678085759778
5615330225515144
4732582903442451
4548226608782225
5738111045247700
5730162112366160
5039574317728192
4036469630496179
5152793990772746
5751725068820283
4690112435975529
4117212356786536
4730557533446371
4661067760280207
5911722137629354
5977554397350103
5526987829255316
5039578404619438
5018357323243629
5526987735459606
4266241932728323
4690113936338753
4622709232830907
4036468233746865
5929431137332122
5408787311262876
4684796368880082
4266244109902333
4559629843539019
5526988635742372
5408784094960974
5759099328340488
5011148584377553
5061352132267527
4559628373460604
5917708487023375
5039570545160232
4244678273151192
4430100158376004
5929435982965266
4251935784491255
4732589898491021
5024130052860893
5362321616988334
5526982589161689
4730554706123184
5408784637910338
4374373549402130
5882534364151746
4730554885600887
4036467011469450
5383232431438394
4036469461315696
4622701280289136
5742153595855619
4375934797568168
5039577878642850
4586385900215616
4622700429127280
4374370109776150
4244679699342795
4374376020444497
4640062655866976
5039574471723617
4036469189249680
5917702524648484
5929433548652320
4918042880316737
4730554727135670
5953730399306396
5362328384656431
4730555177139112
5039572598536342
4730556782643258
4091816405611311
4699526022289997
4374378991007139
4374371585156651
4036464293736961
5462913340726904
5895382119313350
4622705663732034
5675396063234004
4730558239060631
5018351139963595
4036462758252938
4732580022250318
5882538932313191
4036467518891511
4184445624022932
4091813629800069
5738116923445813
5061351331670606
5911726108056299
4730551085476001
5526989785174663
5025104651711665
5751727558170765
4559624297915203
4134491699730554
4661068959988097
5526988014948459
4091817084391688
4690119268027971
5742150446588563
5929438391740023
4430105054020226
5024134741659005
4690118112061285
5873547762862798
4036460786766705
5039577885486937
4117218682513908
4430107698620411
4699527044621621
4374372536190195
5892690670215548
5039570072422658
5025102369884790
5383238317175620
4548227490568979
4732589841439945
4661062127224394
5362329270541919
5025101782158857
5362325834874986
5039576428381183
4690115410146032
4036467210448057
5929435358964729
5647347677850896
4730558518517152
4091811509323293
5917701311099356
4732585836950599
4661060263777431
5025107137191717
4690112574963856
4690114991910197
5362321369533741
4542032685088890
4955559885607855
4251933615760576
5953733497948713
4430103602864625
5917706297212014
4730558910171913
5039577443477873
5873077430307026
4730555096703840
4690112596734467
5615333792895279
4244675312352849
5977559734455788
5362327490956990
4375933193678795
5408785724446797
5039573260969878
4036467506391573
4730551482562593
5039577607091478
5039579366175179
4117217395514542
5977559113469251
4730551320970271
5039579792775063
5039575901255096
5025105426484538
4730552917011669
5018359546646497
4374372868979041
4732587506352395
4640063641442245
5204704725070544
5526981926103636
5025100600151987
5061359541106667
5039579711391422
5292141757227648
5039571143975922
5039572879044305
4036467589082958
5977557028197074
5538301798563872
4375930043036232
4374373735490634
5039575651546686
4730552826226101
4091819457981715
5882530330059138
5018358714241669
4374371219796385
5152795286111430
4547154770314893
5039578192086329
5738113884837054
4036463665473070
4244671023620087
4430104325082206
5807611402571267
4251938749439245
4730552294833347
5039572683985065
5516836634215696
4036464113724510
5265547776476250
4547155844202485
5917704615219662
4430100799390257
4547159227053473
5039573866635329
4374372333260266
4134495798970557
5039572094453810
4547158114761370
4684792016499243
5977556995334124
4244674228772554
4730550133732001
4661061188289684
5362326104129150
5383231269074511
4690111995000991
5742156640881712
5018350220480949
5025109274938108
5039572249659709
4610933848266173
4036463231269499
5647341641073370
4036468960767522
4036466434470749
4251934728730845
5753087260856930
5857785917777657
5526985342421076
5462918800451463
4730556419085253
4690110410083582
5039574325975983
5039575178153982
4732587797391847
5873541338979517
5152793979698862
4244673794299265
5024135038216482
5882536396756400
5738119710923968
4184449663528270
4244678975417289
4266243195614786
5039579371287159
5953732547145791
4730558623429475
4430102998004861
5362324620948310
5061355466665984
5953732014566545
5625625785442649
4374376075982276
4036460799948423
4918049717186803
5526989450676422
5152795108742438
5039572181263726
5753087749120874
5882538021649273
5362328985224894
4375935927288775
4134498970286255
4732584201693041
5688205540812792
5362326208635268
5383235818322784
4184449605788115
5742157278460498
5526986803636459
5039571233197916
5152798739956781
5039579549542014
5857780400202735
4091815258168791
4036464720599727
4661061243047655
4036469674132763
5018353437532320
5025104968859611
5953736865795624
5061359456233720
4730551602118995
5873542406961866
5383237957258340
4732581157318672
5362322260075600
5953730821891015
5730165506115283
5625622420370004
4036469828554003
5362327525090732
4244671804040869
4036460367465453
5738113106848103
4730550141534316
4244674909844185
4622709329825570
4793466500994112
5647347174393077
5742153140746685
5807612752556593
5039576942144943
4311200499562462
5018355020704810
4661065064759561
4036465802984828
5018358406552480
5408787107925769
4559629137714039
5911729508471290
5039571592184646
4374375353270321
4732584882276215
5857785837644417
5742154385355729
4036469773436792
4730559881033561
4542031554499329
5759095730241454
5953730888724646
5929432393479847
5759090623689125
4730550606731456
4134498815247553
4244672533165258
4036462200792507
5362327862983341
4374377224446957
4542030683176279
4547154232493111
4244678356348632
4374378016563561
5292145109242668
5738114635199141
5675396954771650
4730559605360787
5738117368317558
4036461298415344
4036460488000478
4091817544469843
5526987642007621
4730551907191812
5362321342155240
4730550058054886
4732589297678459
5025105249408706
4445616973726118
5408788610000751
5751729716091636
5408780127670291
5526987421574866
4730552592873771
4547156884669054
5039578269237292
4730556675060123
4036462081553770
5738116111266062
5625620096342042
4244679391298626
4730555586495048
4266245954042034
5039575139049584
5977550023979059
5857780838211167
4036462225008319
4134490673092114
4091816755698868
4542037664434338
5873541249113198
4091811050803966
4036469409434492
4542031465972497
5362324483681222
5807618048369873
5498187707784438
5025107058651319
5011143872460351
5857788489742745
4559626876265694
4184449160580592
5516834220581027
4730550605524803
5039573742498454
4730553667814658
5018352602237087
4690118897849078
5292148963208585
5408785554955750
4730559605777238
4036468174137488
5039573751278029
4430108893515158
5204703178191310
4374376020180919
4732587175288946
4730552925593583
5039578803599694
5362325639682394
4134494508221732
4036462699957223
5025106398900170
4559626823434682
4036468865734593
5738110821907156
5362325458427921
5977550057046791
4730558737791794
4091814970823833
4661061776500146
5615335275098768
4091810512297973
5977556068816643
5615332136212340
5688201900087893
4730556945030666
4374373968767930
5039579002382544
5892697259926106
5738110838778574
4690110441472424
4036464001307774
4251930956075606
5807616770747183
4547151411181657
5953731555325832
4640066480128718
5025109360682693
4430103661666218
4559620099506885
4445618107471876
5061351053531739
5039575389825931
4184444506954148
4661063153002118
5538305175776031
5738111895380080
5039579860844247
5738110169200362
5753080917259111
5977555311939707
4091816325005461
5538300113030575
5647343185400324
4374378185389947
5738114082303964
5362323995055842
4244678009133811
4036468605817799
4134496471524133
4430101988956411
4730558991212206
4134490797063991
5362328856870106
5917701135877987
4732580416211454
4690113677712349
4730556647543545
5911723203729433
5807611091632644
4690117538014621
4690112931200919
5738114310539116
5977555528323117
5953736018143821
4430101016390344
5039572246891800
5917705454572988
4730558481997373
4730554153708941
4690116922503090
4134494149921617
4117215919443537
4730559475928150
5039572945709501
4661067996087764
5204709347878190
4036462476303724
5719288999369103
5061359019765119
5408781904678457
4559621404489502
5526980043339487
4374374708819726
4430105727103862
5615333084173328
5362329536089463
5688206613242222
4640060133319873
4690113751836014
5911725365639391
5873077680393072
4036462270833801
4311202217760196
4684797149574523
5873548351833257
5408783379155532
4374374489753136
4430101487666693
4244672008309092
4732587086859488
5911721465837274
5882535977774584
5039577342423028
4374371559273771
5753080739545564
4445618845758717
4251937708162129
5152792598477211
4547159315888657
4547150232706254
5039577002718626
5807619891798663
5039572504291065
5383236834875904
5873076543517893
4251935251280173
5647345130933846
5039573890522014
5498184994524890
5526983644048481
5011141409608724
5526984230571951
5362323908372987
4793466043288048
5892692512743794
5719282375553588
4244678398957747
5039578831870638
5882536865832906
4266247633860786
4732582264062914
4690116177922805
5265545398611650
5024134867387027
4542037510405474
5526986926510797
5882531458360795
5039578178345939
5977551037371309
5039576196179173
4610933247301175
4374379716491400
4622709053619850
5056207932289229
4730558362837169
5408788156049188
5362325798084358
4690114976736179
5977558560285418
4918047274081607
5039577397386112
5719282437271765
4586383323933600
4251931060954868
4661063228298154
5929435541407131
5152799604579765
5018355212373705
4690114360146738
4690119553089785
4184444957927627
5873079817354423
5526982138294056
5039572238555090
4547158648153854
4374379137380075
4375936295563054
4036468779221323
5018353493900015
4699527519193866
4036465777031373
4690119426193624
4374376909201505
5911727458799983
4586381986957551
4793467301270728
4244673948040680
4732584175531342
5892693637259229
4036463888062957
4036466027998544
5857788585626446
4184443027303991
5025109086376091
5738110348679957
4730550402481868
5516837946920106
5526984259939618
4036463391187739
4690115835097273
4610935665679214
5383238972097655
5759099507297889
4730555220064713
4251932949427944
5742151392688712
5292145812531407
4374376426226415
5362324049601474
5873544513607473
5742155124149042
4559628294124560
5408784592633271
4184447445923215
4036467188736491
5857785410667074
4374376096680511
5025102508101510
5953734096694724
4730554777565750
5807618835095079
4251936468498558
5265547200239324
5738114455495876
4036467166836354
5018357795471781
5953738657541109
4036464124606946
5383235535188286
5039579130162065
4374373533077724
5738111759144218
5039579962581184
4430104525772150
5408783757864135
4036463785106865
5039572774057535
4730558153842725
5018350270102278
4640061313212391
5039571839093899
5917709599375455
5039573541234860
4091811045063544
4732580134152980
5025104854941911
5362323538160554
5039578880963680
4610931368201547
5977552143385753
4374372322861249
4793465740736291
5873078527512957
5751723758906298
5362324844669338
5039574714243050
5039578513487594
5759095348521677
4430109613953265
