4036460347753556
4036460367465453
4036460488000478
4036460609297813
4036460786766705
4036460799948423
4036461298415344
4036461374050320
4036462081553770
4036462200792507
4036462225008319
4036462270833801
4036462435627296
4036462476303724
4036462479642276
4036462699957223
4036462758252938
4036463055857494
4036463057252579
4036463231269499
4036463252763255
4036463355772153
4036463391187739
4036463665473070
4036463785106865
4036463888062957
4036464001307774
4036464113724510
4036464124606946
4036464293736961
4036464465632089
4036464499849147
4036464529021766
4036464662354032
4036464720599727
4036465541761248
4036465777031373
4036465802984828
4036465843269999
4036466027998544
4036466434470749
4036467011469450
4036467166836354
4036467188736491
4036467210448057
4036467456549154
4036467506391573
4036467518891511
4036467589082958
4036467996512605
4036468079729793
4036468174137488
4036468233746865
4036468605817799
4036468779221323
4036468865734593
4036468943542026
4036468960767522
4036469189249680
4036469409434492
4036469461315696
4036469630496179
4036469674132763
4036469773436792
4036469828554003
4091810512297973
4091810706955303
4091811045063544
4091811050803966
4091811509323293
4091811516249275
4091812263024341
4091812471049676
4091813020344139
4091813458497011
4091813629800069
4091814970823833
4091815258168791
4091815370181854
4091816325005461
4091816405611311
4091816755698868
4091817084391688
4091817091863794
4091817544469843
4091818364909959
4091819175327696
4091819457981715
4117210015102665
4117212356786536
4117213938500643
4117215383262132
4117215919443537
4117217395514542
4117218682513908
4134490673092114
4134490797063991
4134491699730554
4134493304794793
4134494149921617
4134494508221732
4134495480553042
4134495798970557
4134495994271784
4134496471524133
4134496605963660
4134498100152138
4134498815247553
4134498970286255
4184443027303991
4184443989748787
4184444506954148
4184444957927627
4184445624022932
4184446132676813
4184447114401352
4184447445923215
4184447649998112
4184449160580592
4184449605788115
4184449663528270
4184449812414927
4244671023620087
4244671257447058
4244671499682215
4244671804040869
4244671886432265
4244672008309092
4244672533165258
4244673235183037
4244673794299265
4244673948040680
4244674228772554
4244674440384527
4244674909844185
4244675312352849
4244675759695122
4244676425004939
4244677178830785
4244678009133811
4244678085759778
4244678273151192
4244678356348632
4244678398957747
4244678975417289
4244679391298626
4244679699342795
4251930019359138
4251930036841308
4251930956075606
4251931060954868
4251932949427944
4251933615760576
4251934375883012
4251934728730845
4251935251280173
4251935784491255
4251936199581276
4251936468498558
4251937270099188
4251937708162129
4251937849964292
4251938355622746
4251938586725193
4251938749439245
4266241496899494
4266241932728323
4266243195614786
4266244109902333
4266245954042034
4266247633860786
4311200499562462
4311202217760196
4311207960918024
4374370109776150
4374370678049245
4374371219796385
4374371452598324
4374371484713321
4374371559273771
4374371585156651
4374372205621694
4374372322861249
4374372333260266
4374372536190195
4374372868979041
4374373533077724
4374373536609101
4374373549402130
4374373735490634
4374373968767930
4374374489753136
4374374708819726
4374375353270321
4374376020180919
4374376020444497
4374376075982276
4374376096680511
4374376426226415
4374376909201505
4374377224446957
4374378016563561
4374378094777463
4374378185389947
4374378991007139
4374379065672915
4374379137380075
4374379716491400
4375930043036232
4375930501286972
4375932505989247
4375933123612484
4375933193678795
4375934797568168
4375935927288775
4375936295563054
4375938241625193
4430100158376004
4430100799390257
4430101016390344
4430101077901690
4430101487666693
4430101988956411
4430102780386492
4430102998004861
4430103528372117
4430103602864625
4430103661666218
4430104325082206
4430104428995437
4430104525772150
4430105054020226
4430105370189234
4430105727103862
4430106561600203
4430107556443534
4430107698620411
4430108053991512
4430108406509789
4430108445797353
4430108811768640
4430108893515158
4430108999254322
4430109042992405
4430109369970299
4430109405734022
4430109613953265
4445613114606044
4445615502483456
4445616973726118
4445618107471876
4445618845758717
4542030683176279
4542031465972497
4542031554499329
4542032685088890
4542037510405474
4542037664434338
4547150232706254
4547151411181657
4547154232493111
4547154770314893
4547155844202485
4547156884669054
4547158114761370
4547158648153854
4547159227053473
4547159315888657
4547159975180726
4548221062308609
4548226608782225
4548227490568979
4559620099506885
4559620955576196
4559621404489502
4559622043843703
4559622264239193
4559623790759654
4559624297915203
4559624635831575
4559625227440907
4559625969994368
4559626577680407
4559626823434682
4559626876265694
4559626908045726
4559628294124560
4559628373460604
4559628654948202
4559629137714039
4559629843539019
4586381986957551
4586383323933600
4586385900215616
4610931368201547
4610933247301175
4610933848266173
4610935665679214
4622700429127280
4622701280289136
4622702554969296
4622705663732034
4622705690705193
4622709053619850
4622709232830907
4622709329825570
4640060133319873
4640061313212391
4640061655445575
4640062655866976
4640063641442245
4640066359659561
4640066480128718
4640068075454236
4661060263777431
4661061188289684
4661061243047655
4661061776500146
4661062127224394
4661062339495691
4661062896828110
4661063153002118
4661063228298154
4661064014669962
4661065064759561
4661066289994827
4661067760280207
4661067996087764
4661068959988097
4684792016499243
4684796368880082
4684797149574523
4690110410083582
4690110441472424
4690110712079171
4690111614900712
4690111725383816
4690111880561156
4690111995000991
4690112243615168
4690112435975529
4690112574963856
4690112596734467
4690112931200919
4690113594579458
4690113677712349
4690113733379323
4690113751836014
4690113811027984
4690113936338753
4690114011792351
4690114360146738
4690114976736179
4690114991910197
4690115410146032
4690115835097273
4690116177922805
4690116291579200
4690116515054964
4690116922503090
4690117538014621
4690117715499892
4690117857713415
4690118112061285
4690118221391060
4690118864929325
4690118897849078
4690118960650908
4690119268027971
4690119426193624
4690119553089785
4699525535820983
4699526022289997
4699527044621621
4699527519193866
4730550058054886
4730550111328053
4730550133732001
4730550141534316
4730550402481868
4730550605524803
4730550606731456
4730550781885119
4730550833922001
4730551085476001
4730551320970271
4730551482562593
4730551602118995
4730551888980613
4730551907191812
4730551919431404
4730552294833347
4730552592873771
4730552826226101
4730552902940989
4730552906343958
4730552917011669
4730552925593583
4730553287562471
4730553291939673
4730553343006323
4730553594321454
4730553667814658
4730554153708941
4730554227018202
4730554266353924
4730554325652829
4730554469933621
4730554548749816
4730554706123184
4730554727135670
4730554777565750
4730554885600887
4730555096703840
4730555177139112
4730555220064713
4730555567823374
4730555586495048
4730556245422092
4730556250635950
4730556419085253
4730556525096715
4730556647543545
4730556675060123
4730556782643258
4730556945030666
4730557136749155
4730557533446371
4730557693246470
4730557854604731
4730558054064064
4730558153842725
4730558239060631
4730558309695670
4730558356495792
4730558362837169
4730558481997373
4730558518517152
4730558571535281
4730558623429475
4730558737791794
4730558785108701
4730558910171913
4730558991212206
4730559129502468
4730559475928150
4730559605360787
4730559605777238
4730559881033561
4732580022250318
4732580134152980
4732580416211454
4732581049516707
4732581157318672
4732582220685329
4732582264062914
4732582903442451
4732584006817712
4732584175531342
4732584201693041
4732584882276215
4732585836950599
4732587086859488
4732587175288946
4732587506352395
4732587786800899
4732587797391847
4732588572819895
4732589297678459
4732589841439945
4732589898491021
4793462003115743
4793462996660994
4793464607786069
4793465394431520
4793465740736291
4793465837725538
4793466043288048
4793466500994112
4793466562149852
4793467301270728
4918041057523067
4918042880316737
4918047274081607
4918049717186803
4955551679432996
4955552463643756
4955558605969470
4955559885607855
5011141409608724
5011143872460351
5011148199394373
5011148459232297
5011148584377553
5011149782995469
5018350220480949
5018350270102278
5018351139963595
5018352602237087
5018353437532320
5018353493900015
5018355020704810
5018355212373705
5018355774869553
5018356095830449
5018357323243629
5018357795471781
5018358406552480
5018358714241669
5018359546646497
5024130052860893
5024134741659005
5024134867387027
5024135038216482
5025100600151987
5025100874487711
5025101243549280
5025101782158857
5025102369884790
5025102508101510
5025102722130642
5025104061490942
5025104157123589
5025104651711665
5025104854941911
5025104968859611
5025105249408706
5025105426484538
5025106398900170
5025106857014570
5025106889483157
5025107058651319
5025107137191717
5025108148355622
5025109086376091
5025109274938108
5025109360682693
5039570072422658
5039570451144931
5039570545160232
5039570661362117
5039570996230054
5039571072635976
5039571143975922
5039571212235216
5039571233197916
5039571419249911
5039571592184646
5039571839093899
5039572036640896
5039572052367259
5039572094453810
5039572181263726
5039572238555090
5039572246891800
5039572249659709
5039572504291065
5039572548059031
5039572598536342
5039572683985065
5039572774057535
5039572879044305
5039572880543428
5039572945709501
5039573260969878
5039573541234860
5039573742498454
5039573751278029
5039573866635329
5039573890522014
5039573919540690
5039574317728192
5039574325975983
5039574471723617
5039574714243050
5039575121224989
5039575139049584
5039575171103752
5039575178153982
5039575389825931
5039575651546686
5039575711792346
5039575820518673
5039575901255096
5039576196179173
5039576428381183
5039576747388794
5039576942144943
5039577002718626
5039577005677043
5039577342423028
5039577397386112
5039577433947836
5039577443477873
5039577607091478
5039577878642850
5039577885486937
5039578068965747
5039578178345939
5039578192086329
5039578269237292
5039578351679518
5039578404619438
5039578513487594
5039578803599694
5039578831870638
5039578880963680
5039579002382544
5039579130162065
5039579166293719
5039579366175179
5039579371287159
5039579380293834
5039579549542014
5039579613714341
5039579711391422
5039579780626237
5039579792775063
5039579860844247
5039579945076005
5039579962581184
5056202685164224
5056207625039303
5056207932289229
5056208770704766
5061351053531739
5061351331670606
5061352132267527
5061353360683039
5061353472946225
5061353721236741
5061354579083185
5061355466665984
5061355582652361
5061355982256243
5061357654051191
5061358761415600
5061359019765119
5061359456233720
5061359541106667
5152791290031607
5152792598477211
5152793680150948
5152793979698862
5152793990772746
5152794879337759
5152795108742438
5152795286111430
5152798739956781
5152799604579765
5204703178191310
5204703324546250
5204704725070544
5204709347878190
5265545398611650
5265547200239324
5265547776476250
5292141213562539
5292141757227648
5292143789737164
5292145109242668
5292145812531407
5292148963208585
5362320485727666
5362321342155240
5362321369533741
5362321616988334
5362322040467317
5362322260075600
5362323538160554
5362323572173570
5362323908372987
5362323995055842
5362324049601474
5362324483681222
5362324620948310
5362324641614891
5362324827639340
5362324844669338
5362325458427921
5362325639682394
5362325798084358
5362325834874986
5362326104129150
5362326208635268
5362327297203174
5362327490956990
5362327525090732
5362327576781627
5362327862983341
5362328384656431
5362328856870106
5362328985224894
5362329270541919
5362329536089463
5383231269074511
5383232431438394
5383235535188286
5383235818322784
5383236834875904
5383237184693582
5383237957258340
5383238317175620
5383238972097655
5408780127670291
5408780286758507
5408780305062287
5408780394761138
5408781904678457
5408782807414560
5408783379155532
5408783757864135
5408783908711607
5408784094960974
5408784592633271
5408784637910338
5408784945455455
5408785307063001
5408785554955750
5408785626431251
5408785724446797
5408786626699939
5408787107925769
5408787311262876
5408788156049188
5408788610000751
5408789100192397
5462911341606513
5462912844460721
5462913340726904
5462913505364525
5462918800451463
5498184994524890
5498187707784438
5516833139658967
5516834220581027
5516836634215696
5516837946920106
5516838387950263
5526980043339487
5526980878226486
5526981114529865
5526981231882395
5526981926103636
5526982138294056
5526982589161689
5526983644048481
5526984230571951
5526984259939618
5526985342421076
5526985666690413
5526985913057721
5526986803636459
5526986926510797
5526987421574866
5526987642007621
5526987707707172
5526987735459606
5526987829255316
5526988014948459
5526988444242986
5526988635742372
5526989132068535
5526989450676422
5526989550109621
5526989785174663
5538300113030575
5538301798563872
5538305175776031
5615330225515144
5615332136212340
5615333084173328
5615333792895279
5615335275098768
5625620096342042
5625622420370004
5625625785442649
5625628909606024
5647340671335758
5647341641073370
5647342140240288
5647343185400324
5647345130933846
5647347174393077
5647347677850896
5647348464543918
5675396063234004
5675396954771650
5688201900087893
5688203423955069
5688205540812792
5688206035421982
5688206613242222
5688209165587903
5719280203636385
5719282375553588
5719282437271765
5719286442453920
5719288999369103
5730162112366160
5730165506115283
5730167845118408
5738110169200362
5738110348679957
5738110659160654
5738110821907156
5738110838778574
5738110858005130
5738111045247700
5738111759144218
5738111895380080
5738113106848103
5738113516627113
5738113884837054
5738114082303964
5738114310539116
5738114455495876
5738114603056703
5738114635199141
5738115079746263
5738116111266062
5738116422724783
5738116923445813
5738117368317558
5738118663305819
5738119710923968
5742150446588563
5742151247827333
5742151392688712
5742153140746685
5742153595855619
5742154385355729
5742155124149042
5742155676814050
5742156640881712
5742157278460498
5751721026094335
5751723758906298
5751725068820283
5751725725495222
5751725982349708
5751727558170765
5751728352893487
5751729716091636
5753080739545564
5753080917259111
5753086047694994
5753087260856930
5753087749120874
5759090623689125
5759091343195518
5759092117378181
5759095078005073
5759095268997162
5759095348521677
5759095730241454
5759097892623826
5759099328340488
5759099507297889
5759099593614245
5807611091632644
5807611402571267
5807612752556593
5807613693986139
5807616770747183
5807618048369873
5807618835095079
5807619891798663
5857780400202735
5857780838211167
5857781194194864
5857782766052738
5857783468274166
5857784031260260
5857785410667074
5857785837644417
5857785917777657
5857788489742745
5857788585626446
5857788637382048
5873070500441668
5873072244545788
5873075828257209
5873075900759668
5873076543517893
5873077430307026
5873077680393072
5873078527512957
5873079817354423
5873541249113198
5873541276150071
5873541338979517
5873542406961866
5873543309263384
5873544513607473
5873544887067320
5873545018013786
5873545857995655
5873547762862798
5873548351833257
5873548841956817
5882530330059138
5882531458360795
5882531494746007
5882534364151746
5882535977774584
5882536396756400
5882536865832906
5882538021649273
5882538094211233
5882538932313191
5882539554678416
5892690666632508
5892690670215548
5892692512743794
5892693225194762
5892693637259229
5892694550932222
5892697259926106
5895382119313350
5911721465837274
5911722137629354
5911722649770977
5911723203729433
5911723907632057
5911724997211489
5911725365639391
5911726092872321
5911726108056299
5911727458799983
5911729508471290
5917701135877987
5917701269453183
5917701311099356
5917701364597207
5917701429116506
5917702524648484
5917702659682688
5917704615219662
5917705454572988
5917706297212014
5917707597050971
5917708089345994
5917708487023375
5917709599375455
5929431137332122
5929432393479847
5929433548652320
5929434724112303
5929435358964729
5929435541407131
5929435982965266
5929438391740023
5953730399306396
5953730821891015
5953730888724646
5953731555325832
5953732014566545
5953732547145791
5953732735757167
5953733497948713
5953734096694724
5953735143759519
5953736018143821
5953736865795624
5953738657541109
5977550023979059
5977550057046791
5977550105690640
5977550713650754
5977551037371309
5977552143385753
5977554397350103
5977555311939707
5977555528323117
5977556068816643
5977556679612415
5977556995334124
5977557028197074
5977558177407702
5977558560285418
5977559113469251
5977559734455788